(73
   ( 49
        ( 15
             ( 10 () () )
             ( 20
                  ( 17 () () )
                  ( 30
                       ()
                       ( 42 () () )
                  )
             )
        )
        ( 53 ()
             ( 64 () () )
        )
   )

   ( 134
         ( 133
               ( 94
                    ( 82
                         ( 75 () () )
                         ()
                    )
                    ( 108
                          ( 103 () () )
                          ( 110 () () )
                    )
               )
               ()
         )
         ( 135
               ()
               ( 136
                     ()
                     ( 152
                           ( 141 () () )
                           ()
                     )
               )
         )
   )
)