0
0
0
0
0
4
5
0
1
0
6
8
11
8
4
11
3
11
9
2
1
6
13
10
20
12
7
1
2
9
21
10
29
30
12
31
2
14
33
27
26
19
33
30
19
7
5
44
44
33
8
50
18
49
22
49
26
45
28
9
53
24
52
24
54
25
1
16
2
55
12
3
53
50
44
56
6
37
52
28
71
67
7
54
34
43
38
84
41
57
37
50
81
63
60
25
94
90
5
21
54
9
2
40
16
21
84
65
53
73
33
1
9
98
101
14
51
49
8
72
73
117
77
117
39
11
98
20
33
23
84
36
67
46
35
25
112
46
26
21
12
71
116
0
48
114
55
90
78
27
34
145
92
79
46
40
40
45
12
81
2
48
147
53
136
144
119
51
144
74
137
6
44
159
23
80
81
3
92
37
84
150
148
15
35
98
23
0
173
148
96
143
124
8
167
138
94
63
54
69
180
131
60
192
134
125
70
140
89
29
207
43
123
125
77
114
74
3
27
213
190
147
161
125
132
106
218
88
214
25
116
126
68
224
7
88
129
159
139
158
153
91
11
158
102
144
88
177
187
182
50
186
183
92
54
121
249
161
236
33
239
159
197
127
224
262
82
151
74
105
71
178
87
18
249
133
6
190
257
106
196
280
202
257
41
265
258
192
84
137
107
12
171
222
45
108
251
47
146
187
130
208
209
57
53
93
242
232
217
57
76
198
147
159
205
49
149
28
57
28
6
189
19
245
4
268
250
89
66
234
3
83
45
81
13
211
263
276
250
192
287
332
165
53
308
282
51
201
153
196
266
289
32
47
41
221
90
113
282
57
219
283
205
134
231
143
277
95
329
119
205
40
275
245
86
1
132
136
335
127
58
167
333
32
344
359
211
80
382
144
182
41
221
326
374
205
164
122
133
105
43
80
360
153
245
54
76
118
107
150
98
295
96
209
400
236
274
209
108
309
10
213
191
406
68
267
256
339
409
266
253
238
125
48
59
149
89
106
109
109
50
439
174
232
442
369
216
306
52
372
446
88
5
216
246
213
112
289
327
306
19
202
250
193
191
69
191
104
229
72
240
240
262
394
54
334
237
301
466
54
303
277
421
100
277
320
264
280
49
341
378
78
380
425
144
198
2
383
356
2
295
354
269
292
476
23
239
26
365
198
226
108
75
380
140
236
325
300
88
206
254
346
219
511
178
455
490
452
14
461
82
85
280
101
165
104
76
161
212
104
237
335
2
263
369
520
66
388
534
233
12
447
506
236
130
400
506
176
194
427
258
358
173
333
391
258
560
173
337
220
402
530
73
567
246
368
195
395
45
41
107
370
251
457
328
321
138
111
170
260
508
218
407
571
158
258
237
39
561
414
545
162
579
137
109
448
82
499
182
248
449
551
105
544
517
345
348
237
255
31
349
94
524
188
441
149
622
336
30
0
561
616
613
606
19
326
286
404
475
240
409
146
631
53
432
415
640
98
219
213
337
637
66
532
56
606
257
557
611
163
433
531
590
319
220
494
351
528
482
451
489
418
91
383
87
274
123
238
280
146
557
32
317
562
651
394
135
204
23
503
67
216
6
91
512
442
409
312
295
677
590
331
69
212
11
689
186
243
31
49
168
392
460
571
540
692
651
635
196
74
50
272
259
132
556
543
469
552
246
136
587
529
705
110
427
558
26
511
285
112
281
12
450
230
263
696
420
546
634
357
680
564
24
319
270
358
601
638
240
481
143
317
397
418
494
254
91
37
426
716
421
542
5
651
331
597
689
483
6
583
689
371
737
258
9
218
187
238
672
669
744
133
659
541
373
245
678
473
601
740
132
586
302
451
335
275
279
99
36
121
172
208
617
305
813
302
196
265
636
641
150
363
653
731
593
201
249
256
657
702
385
760
185
104
807
110
441
139
171
649
141
258
19
212
834
368
202
388
75
710
830
700
312
356
838
219
197
843
823
76
755
139
555
798
308
377
576
774
754
296
846
430
620
340
87
366
715
314
342
578
293
129
123
415
434
23
214
128
409
568
487
338
604
442
550
637
622
482
857
551
12
617
108
178
602
485
789
79
311
832
519
407
459
174
133
360
393
39
372
672
778
90
339
300
136
221
701
187
803
273
331
587
870
113
17
905
896
283
496
806
748
496
174
500
562
459
654
527
179
504
517
857
498
393
278
440
209
234
42
780
808
580
80
760
425
640
445
121
305
224
61
810
909
667
580
442
315
212
174
726
515
73
337
102
763
45
789
34
2
827
325
764
324
187
232
410
289
596
143
94